Basecase

546,148
451,252
394,826
413,812
385,580

94,310,475
93,517,576
93,077,575
93,464,907
93,665,892

186,056,924,347
185,521,919,966
189,406,127,641
188,098,039,329
187,493,081,683

Blocked

407,461
361,554
371,934
407,390
463,505

79,258,133
79,502,148
79,160,752
77,237,264
78,324,110

52,854,108,038
52,060,030,821
52,608,532,372
52,428,852,974
53,776,458,748

Recursive

479,985
494,853
416,317
427,948
455,901

56,788,474
57,024,204
56,912,867
57,200,613
56,538,418

28,776,577,380
29,093,946,881
28,457,662,256
28,275,223,614
28,576,881,072

